0 1.830137e+23
1 4.066972e+24
2 4.496263e+25
3 3.297260e+26
4 1.804334e+27
5 7.858876e+27
6 2.837928e+28
7 8.739015e+28
8 2.342542e+29
9 5.552691e+29
10 1.178404e+30
11 2.261584e+30
12 3.957772e+30
13 6.359498e+30
14 9.438302e+30
15 1.300388e+31
16 1.670638e+31
17 2.009133e+31
18 2.269576e+31
19 2.415572e+31
20 2.428992e+31
21 2.313326e+31
22 2.091340e+31
23 1.798350e+31
24 1.473648e+31
25 1.152720e+31
26 8.620772e+30
27 6.172898e+30
28 4.237744e+30
29 2.792689e+30
30 1.768703e+30
31 1.077704e+30
32 6.324030e+29
33 3.577229e+29
34 1.952279e+29
35 1.028820e+29
36 5.239360e+28
37 2.580346e+28
38 1.229814e+28
39 5.676064e+27
40 2.538462e+27
41 1.100688e+27
42 4.629878e+26
43 1.890235e+26
44 7.494112e+25
45 2.886621e+25
46 1.080740e+25
47 3.934608e+24
48 1.393507e+24
49 4.803017e+23
50 1.611679e+23
51 5.266925e+22
52 1.676863e+22
53 5.202845e+21
54 1.573700e+21
55 4.641620e+20
56 1.335387e+20
57 3.748454e+19
58 1.026875e+19
59 2.746070e+18
60 7.170293e+17
61 1.828490e+17
62 4.554841e+16
63 1.108586e+16
64 2.636740e+15
65 6.129857e+14
66 1.393149e+14
67 3.095888e+13
68 6.727991e+12
69 1.430104e+12
70 2.973709e+11
71 6.049799e+10
72 1.204358e+10
73 2.346390e+09
74 4.474348e+08
75 8.352116e+07
76 1.526337e+07
77 2.731108e+06
78 4.785275e+05
79 8.211020e+04
80 1.379908e+04
81 2.271453e+03
82 3.662641e+02
83 5.785697e+01
84 8.954056e+00
85 1.357739e+00
86 2.017313e-01
87 2.937084e-02
88 4.190536e-03
89 5.859426e-04
90 8.029584e-05
91 1.078454e-05
92 1.419705e-06
93 1.831877e-07
94 2.316913e-08
95 2.872430e-09
96 3.490800e-10
97 4.158571e-11
98 4.856381e-12
99 5.559493e-13
100 6.238987e-14
101 6.863572e-15
102 7.401891e-16
103 7.825085e-17
104 8.109329e-18
105 8.238049e-19
106 8.203508e-20
107 8.007577e-21
108 7.661571e-22
109 7.185163e-23
110 6.604544e-24
111 5.950040e-25
112 5.253507e-26
113 4.545808e-27
114 3.854632e-28
115 3.202883e-29
116 2.607711e-30
117 2.080225e-31
118 1.625788e-32
119 1.244768e-33
120 9.335759e-35
121 6.858225e-36
122 4.934424e-37
123 3.476830e-38
124 2.398888e-39
125 1.620582e-40
126 1.071814e-41
127 6.939126e-43
128 4.397189e-44
129 2.726939e-45
130 1.654809e-46
131 9.824990e-48
132 5.706434e-49
133 3.241750e-50
134 1.800972e-51
135 9.783060e-53
136 5.195252e-54
137 2.696644e-55
138 1.367863e-56
139 6.779175e-58
140 3.281982e-59
141 1.551764e-60
142 7.163858e-62
143 3.228467e-63
144 1.419928e-64
145 6.093177e-66
146 2.550416e-67
147 1.040986e-68
148 4.142063e-70
149 1.606169e-71
150 6.067749e-73
151 2.232432e-74
152 7.996283e-76
153 2.787375e-77
154 9.452139e-79
155 3.116834e-80
156 9.989853e-82
157 3.110782e-83
158 9.406726e-85
159 2.760884e-86
160 7.860850e-88
161 2.170007e-89
162 5.804545e-91
163 1.503563e-92
164 3.769095e-94
165 9.137199e-96
166 2.140575e-97
167 4.842286e-99
168 1.056848e-100
169 2.223481e-102
170 4.505092e-104
171 8.781855e-106
172 1.645180e-107
173 2.958576e-109
174 5.100993e-111
175 8.420687e-113
176 1.329023e-114
177 2.002294e-116
178 2.874704e-118
179 3.925729e-120
180 5.088908e-122
181 6.247892e-124
182 7.247249e-126
183 7.920491e-128
184 8.130939e-130
185 7.813515e-132
186 7.001357e-134
187 5.824064e-136
188 4.474754e-138
189 3.156793e-140
190 2.030685e-142
191 1.181318e-144
192 6.152697e-147
193 2.833712e-149
194 1.136082e-151
195 3.884040e-154
196 1.100918e-156
197 2.483741e-159
198 4.181382e-162
199 4.669327e-165
