0 9.921194e+03
1 2.204710e+05
2 2.437429e+06
3 1.787448e+07
4 9.781313e+07
5 4.260305e+08
6 1.538444e+09
7 4.737429e+09
8 1.269894e+10
9 3.010120e+10
10 6.388143e+10
11 1.226007e+11
12 2.145513e+11
13 3.447491e+11
14 5.116514e+11
15 7.049419e+11
16 9.056545e+11
17 1.089153e+12
18 1.230340e+12
19 1.309484e+12
20 1.316759e+12
21 1.254056e+12
22 1.133718e+12
23 9.748876e+11
24 7.988663e+11
25 6.248909e+11
26 4.673330e+11
27 3.346335e+11
28 2.297285e+11
29 1.513920e+11
30 9.588159e+10
31 5.842248e+10
32 3.428263e+10
33 1.939220e+10
34 1.058332e+10
35 5.577243e+09
36 2.840263e+09
37 1.398808e+09
38 6.666834e+08
39 3.077000e+08
40 1.376103e+08
41 5.966842e+07
42 2.509862e+07
43 1.024698e+07
44 4.062566e+06
45 1.564840e+06
46 5.858702e+05
47 2.132955e+05
48 7.554216e+04
49 2.603721e+04
50 8.736930e+03
51 2.855206e+03
52 9.090292e+02
53 2.820468e+02
54 8.531045e+01
55 2.516227e+01
56 7.239146e+00
57 2.032041e+00
58 5.566703e-01
59 1.488647e-01
60 3.887024e-02
61 9.912265e-03
62 2.469184e-03
63 6.009655e-04
64 1.429380e-04
65 3.323002e-05
66 7.552278e-06
67 1.678284e-06
68 3.647251e-07
69 7.752611e-08
70 1.612051e-08
71 3.279603e-09
72 6.528839e-10
73 1.271981e-10
74 2.425549e-11
75 4.527691e-12
76 8.274290e-13
77 1.480537e-13
78 2.594103e-14
79 4.451203e-15
80 7.480494e-16
81 1.231357e-16
82 1.985521e-17
83 3.136433e-18
84 4.854003e-19
85 7.360319e-20
86 1.093587e-20
87 1.592196e-21
88 2.271694e-22
89 3.176401e-23
90 4.352846e-24
91 5.846313e-25
92 7.696234e-26
93 9.930624e-27
94 1.256001e-27
95 1.557147e-28
96 1.892367e-29
97 2.254366e-30
98 2.632649e-31
99 3.013807e-32
100 3.382162e-33
101 3.720750e-34
102 4.012573e-35
103 4.241987e-36
104 4.396076e-37
105 4.465855e-38
106 4.447130e-39
107 4.340916e-40
108 4.153346e-41
109 3.895085e-42
110 3.580331e-43
111 3.225523e-44
112 2.847932e-45
113 2.464287e-46
114 2.089600e-47
115 1.736286e-48
116 1.413643e-49
117 1.127692e-50
118 8.813416e-52
119 6.747900e-53
120 5.060925e-54
121 3.717851e-55
122 2.674957e-56
123 1.884793e-57
124 1.300440e-58
125 8.785194e-60
126 5.810313e-61
127 3.761708e-62
128 2.383721e-63
129 1.478277e-64
130 8.970738e-66
131 5.326138e-67
132 3.093464e-68
133 1.757356e-69
134 9.763091e-71
135 5.303407e-72
136 2.816352e-73
137 1.461853e-74
138 7.415198e-76
139 3.674998e-77
140 1.779166e-78
141 8.412132e-80
142 3.883535e-81
143 1.750156e-82
144 7.697444e-84
145 3.303118e-85
146 1.382583e-86
147 5.643198e-88
148 2.245417e-89
149 8.707059e-91
150 3.289333e-92
151 1.210204e-93
152 4.334794e-95
153 1.511039e-96
154 5.124015e-98
155 1.689639e-99
156 5.415510e-101
157 1.686358e-102
158 5.099396e-104
159 1.496678e-105
160 4.261375e-107
161 1.176363e-108
162 3.146650e-110
163 8.150832e-112
164 2.043230e-113
165 4.953286e-115
166 1.160408e-116
167 2.625009e-118
168 5.729186e-120
169 1.205351e-121
170 2.442215e-123
171 4.760653e-125
172 8.918537e-127
173 1.603847e-128
174 2.765254e-130
175 4.564864e-132
176 7.204646e-134
177 1.085446e-135
178 1.558380e-137
179 2.128142e-139
180 2.758702e-141
181 3.386989e-143
182 3.928742e-145
183 4.293707e-147
184 4.407791e-149
185 4.235715e-151
186 3.795443e-153
187 3.157232e-155
188 2.425769e-157
189 1.711301e-159
190 1.100837e-161
191 6.403937e-164
192 3.335384e-166
193 1.536158e-168
194 6.158711e-171
195 2.105542e-173
196 5.968090e-176
197 1.346439e-178
198 2.266732e-181
199 2.531247e-184
